dadosReais = [28.5 2.315 0.072 57.19 22.95
38.5 2.254 0.0425 58.19 22.95
52.0 2.229 0.0244 61.39 4.96
70.5 2.188 0.021 59.09 4.46
95.5 2.180 0.0164 59.89 5.96
129.0 2.162 0.0173 51.19 22.95
174.6 2.151 0.0287 46.89 22.95
236.2 2.208 0.0328 42.79 2.46
319.6 2.194 0.019 36.89 1.65
432.5 2.299 0.0270 32.00 22.95
585.1 2.338 0.059 44.00 6.37
791.7 2.420 0.0506 32.00 2.46
071.1 2.405 0.0825 37.59 22.95
449.2 2.308 0.123 45.29 4.15
960.7 2.397 0.092 50.09 22.95];

periodoreal = dadosReais(:,1);
log10roa = dadosReais(:,2);
desviopadraoroa = dadosReais(:,3);
faserealgraus = dadosReais(:,4);
desviopadraofase = dadosReais(:,5);


