# Created by Octave 8.2.0, Sat Jul 29 14:24:11 2023 GMT <unknown@DESKTOP-3RFIKGR>
# name: frequency
# type: matrix
# rows: 15
# columns: 1
 0.001122018
 0.0029241520000000002
 0.0079432819999999994
 0.015625
 0.035645112999999999
 0.061376200999999998
 0.15995580300000001
 0.53456435899999999
 4.0738027780000001
 14.99684836
 44.444444439999998
 100
 301.99517200000003
 1472.312502
 4444.4444439999997


