# Created by Octave 8.2.0, Sat Jul 29 13:06:36 2023 GMT <unknown@DESKTOP-3RFIKGR>
# name: J
# type: matrix
# rows: 20
# columns: 7
 0.9819650797093934 1.3928598711735231e-05 1.5134563911395134e-06 0 0.0001118436398149611 -1.2609781895362066e-06 1.1855716610521842e-15
 0.99114474407039554 0.00039728005793999744 0.00015854675080387252 5.4316725117504247e-10 0.0025139093854114319 -7.3531038300224372e-05 1.4940416561687344e-08
 0.94218129706692344 0.0013009597872639814 0.00078061108628419773 1.0477453034889625e-07 0.0077691598260763795 -0.00027325492689229497 2.3960350182937999e-06
 0.94595737057996021 0.0054792907647456084 0.0039260838760142927 7.1286016017626024e-06 0.03250999380247041 -0.0011573054200790726 0.00011987929132604324
 1.0345118382390885 0.015123417962423193 0.011581156134995321 4.8769585814122465e-05 0.088264060604938424 -0.0032568803044051822 0.00065894448266724153
 0.97119653849172727 0.035988079909386496 0.031177640009816505 0.00020238987142432883 0.20224250421655277 -0.0081979258126521695 0.0022359434804934001
 0.85535205523759938 0.084477912985948159 0.09434292129173083 0.00081000087926159979 0.43897575730812427 -0.021403888298573943 0.0079600589655471586
 0.65567651038945718 0.12295783538057305 0.18281782038167421 0.0020239191417750165 0.58742169261940191 -0.034245968044644172 0.019435711852529066
 0.4809663853138475 0.14414182101409001 0.28727570565351446 0.0041958427553792357 0.63811174080843802 -0.042831694866531905 0.039590036773370231
 0.34162480721158756 0.14791459697573744 0.39363755405084844 0.007605289752465088 0.61648413222381004 -0.045124583993555352 0.07001249442675149
 0.17719910798382565 0.13410493982471672 0.62830127404308023 0.020518007927463056 0.5359441289088307 -0.036164429296318794 0.17744775885033129
 0.074624029127290506 0.088291435346985345 0.74136708644509741 0.038380585273769752 0.40242959156395991 -0.0092285031024453897 0.30828719516038572
 0.021769899501739173 0.049625369820798466 0.84332352799192345 0.065119584567999475 0.34488224034161474 0.02096635563824658 0.48022452908939517
 -0.043356098848024237 -0.015923860205726944 0.99477492370212284 0.14887247638737344 0.33291302535630046 0.084647498900776233 0.89682579804228435
 -0.083462634065333441 -0.063654935490486897 0.97610385992531312 0.25241086189671963 0.32707081075754246 0.13012647839458491 1.2029050844977287
 -0.098130786344745952 -0.085988812119489069 0.83195863861481822 0.35057505921878696 0.29129067760985317 0.14479670045292162 1.2890617613919422
 -0.093034472334507873 -0.088851770350368203 0.59242031464981371 0.49671961084015626 0.22406402428057012 0.13437327405992666 1.1885778891481946
 -0.066919867528551572 -0.067434649868995722 0.31570361651932416 0.81576312122884143 0.13903404219998242 0.096450875084921756 0.87466989675528095
 -0.033842195090975441 -0.033629817027791942 0.1247340279684836 0.96495432830445682 0.066027691966517837 0.047754215946365419 0.44425907699191919
 -0.01892465687649789 -0.018174494614804557 0.056186541777275535 1.1131140286941068 0.034244850773870093 0.025598403258655759 0.2369296538248401


# name: Model
# type: matrix
# rows: 20
# columns: 2
 1 50
 2 49.999699999999997
 3 49.994999999999997
 5 49.945700000000002
 7 49.834000000000003
 10 49.534199999999998
 15 48.573599999999999
 20 46.992800000000003
 25 44.896099999999997
 30 42.475499999999997
 40 37.5244
 50 33.505299999999998
 60 30.9694
 80 29.851600000000001
 100 31.864999999999998
 120 35.073099999999997
 150 40.249400000000001
 200 47.992600000000003
 250 54.383899999999997
 300 59.690399999999997


# name: ab
# type: global matrix
# rows: 20
# columns: 1
 1
 2
 3
 5
 7
 10
 15
 20
 25
 30
 40
 50
 60
 80
 100
 120
 150
 200
 250
 300


# name: data
# type: global matrix
# rows: 20
# columns: 2
 1 159.81999999999999
 2 158.11000000000001
 3 165.61000000000001
 5 161.66999999999999
 7 142.00999999999999
 10 136.56
 15 118.02
 20 106.78
 25 95.640000000000001
 30 86.060000000000002
 40 65.629999999999995
 50 57.869999999999997
 60 48.799999999999997
 80 33.409999999999997
 100 24.879999999999999
 120 20.079999999999998
 150 15
 200 8.9600000000000009
 250 7.2599999999999998
 300 6.0999999999999996


# name: dm
# type: matrix
# rows: 7
# columns: 1
 0.22916705235593357
 0.070349109601416493
 0.13866607365693523
 -0.00090936740137669003
 0.20825363830562152
 -0.028744699397773667
 0.027842429214098789


# name: g
# type: scalar
6.8593071851667515


# name: i
# type: scalar
20


# name: iteration
# type: matrix
# rows: 1
# columns: 101
 1 2 3 4 5 6 7 8 9 10 11 12 13 14 15 16 17 18 19 20 21 22 23 24 25 26 27 28 29 30 31 32 33 34 35 36 37 38 39 40 41 42 43 44 45 46 47 48 49 50 51 52 53 54 55 56 57 58 59 60 61 62 63 64 65 66 67 68 69 70 71 72 73 74 75 76 77 78 79 80 81 82 83 84 85 86 87 88 89 90 91 92 93 94 95 96 97 98 99 100 101


# name: itermax
# type: scalar
100


# name: j
# type: scalar
101


# name: jac
# type: matrix
# rows: 7
# columns: 7
 0.058598608647691876 -0.0018992547289020346 -0.001080847515626566 0.00085588147731039169 -0.0078919410286829861 0.0007495334637481829 0.0021706709705369026
 -0.0018992547289020346 0.09906840901849398 -0.00091466125184627668 0.0011432501177311256 -0.0026973509144352925 0.00050114296397601554 0.0020592121789204418
 -0.001080847515626566 -0.00091466125184627668 0.075819164186678195 -0.0035811903152283267 -0.012307743939599519 -0.0014433586670807854 -0.020484808344484566
 0.00085588147731039169 0.0011432501177311256 -0.0035811903152283267 0.078486467923852846 -0.001344191997382828 -0.0014425888820923537 -0.012456981593696761
 -0.0078919410286829861 -0.0026973509144352925 -0.012307743939599519 -0.001344191997382828 0.085957717036981865 0.00033798491791306863 -0.0064036895689152653
 0.0007495334637481829 0.00050114296397601554 -0.0014433586670807854 -0.0014425888820923537 0.00033798491791306863 0.099526082257611156 -0.003416906102020605
 0.0021706709705369026 0.0020592121789204418 -0.020484808344484566 -0.012456981593696761 -0.0064036895689152653 -0.003416906102020605 0.069108081631159737


# name: kr
# type: scalar
9.9999999999999998e-20


# name: lamda
# type: scalar
1.4048204810317173


