# Created by Octave 8.2.0, Mon Oct 09 23:11:08 2023 GMT <unknown@DESKTOP-3RFIKGR>
# name: lambdavetor
# type: matrix
# rows: 1
# columns: 15
 0 0.0081973656463250506 0.48281654388934736 0.66432927858485114 0.082394496050986477 0.66011947258197956 0.76247320261899187 1.1023494790036787 1.5611186433661233 2.0655512779625389 2.5836721079728462 3.101310742423609 3.6121464635849794 4.1133845900373194 4.6040325901079351


