# Created by Octave 8.2.0, Mon Oct 09 23:11:08 2023 GMT <unknown@DESKTOP-3RFIKGR>
# name: m
# type: matrix
# rows: 1
# columns: 7
 258.11760212776232 85.217574013522068 298.76519477724355 345.41749246238925 20148.620400081942 20025.51626355782 19877.026396169214


