# Created by Octave 8.2.0, Wed Sep 27 20:14:21 2023 GMT <unknown@DESKTOP-3RFIKGR>
# name: phase_ruido1
# type: matrix
# rows: 1
# columns: 31
 0.80622505433386671 0.77769043005183713 0.7471881518083402 0.7598757695520848 0.71123993576295375 0.73509981209653497 0.70096243431251304 0.73193055477278246 0.70027963633429047 0.6687140820392623 0.64666876562552134 0.64613240904548119 0.61971790373766988 0.61232609065462873 0.60503860481826988 0.60373663009511114 0.62310446586899026 0.6492302048544254 0.68060379592808196 0.81151167652201073 0.93827762215885846 1.0292312182827772 1.0721858582412938 1.1778550092996594 1.1781987232486506 1.2588443337550386 1.2172430215196657 1.2043818101478387 1.196917674378724 1.0327416101580296 0.96717503537316685


