# Created by Octave 6.4.0, Thu Aug 24 16:10:13 2023 -03 <professor-marcio@professormarcio-HP-Compaq-6005-Pro-SFF-PC>
# name: phase_ruido
# type: matrix
# rows: 1
# columns: 81
 0.74537148278205001 0.7309273936927082 0.73911077668873837 0.72033967309151103 0.71077189440371646 0.69602245640367821 0.67212960683473932 0.69303118909558403 0.66608537204714791 0.6618938806050586 0.65219871599457258 0.63740230118681773 0.61906581225362911 0.5891601452948324 0.57939414901913544 0.57670068082550185 0.5452220280469241 0.54664770647503025 0.50917386100602369 0.49000750798990483 0.45504189817334234 0.44010359460539095 0.41139971710136031 0.40944067800218337 0.36177273128654741 0.36316689004875824 0.32863457642906058 0.30584362191565545 0.29233702971680708 0.27744148402668006 0.25873298206241468 0.26646976992407129 0.24181632341229228 0.23479685408898424 0.22478010658683661 0.24421765611686552 0.25023842792703488 0.25922138897959701 0.2887356614485766 0.30561765765682547 0.34297273598595096 0.37981715568422519 0.44698081820971008 0.53518269846612943 0.59919174860974134 0.70246271261528215 0.741127571571361 0.91246198220834229 1.0285198842593015 1.0930245559162139 1.1527907397053099 1.2187558769175217 1.2571034437095503 1.3082582371322413 1.366352109062648 1.3843288866810701 1.353023849331614 1.3837677928786971 1.3372482165218817 1.3641252102510779 1.2889752101430492 1.2955665627129025 1.1300762871445269 1.0947300035547154 1.0914752521109479 0.94497360614311487 0.86313359009171298 0.79178010497902318 0.72613903679404979 0.68113415166099101 0.63034589944882802 0.6212099490318409 0.61786130185286747 0.65290167547669964 0.68759906234863122 0.72364017995405217 0.74715462428361046 0.77636552688887661 0.78499134332892584 0.80954233733919301 0.76861089595281606


