# Created by Octave 8.2.0, Thu Sep 28 00:50:21 2023 GMT <unknown@DESKTOP-3RFIKGR>
# name: phase_ruido2
# type: matrix
# rows: 1
# columns: 31
 0.84142028101778754 0.74953363032983988 0.83866436212640549 0.74382611345952387 0.74209149531733565 0.78738434952020242 0.80875104653711638 0.72890988240029198 0.73511133391227124 0.66096692651189493 0.66582653192086139 0.66127964877783696 0.60145714743244205 0.5692238469919314 0.54903903846551494 0.61601654603655653 0.56142514302210611 0.62535501971946428 0.70286363484597159 0.74434571314474218 0.94264811864303966 0.95789894187296609 1.1630135150446681 1.187098940335557 1.088482478877818 1.0751825115104792 0.98709789793456637 0.98052962286728806 0.9253353824178413 0.78981127083166514 0.78869541014204836


