# Created by Octave 8.2.0, Wed Sep 27 20:14:21 2023 GMT <unknown@DESKTOP-3RFIKGR>
# name: rhoa_ruido1
# type: matrix
# rows: 1
# columns: 31
 65.931574839965691 64.629660110757584 69.870892824086425 66.410972659891272 63.16188220424182 64.58452866223503 59.457210212768004 61.846524747656048 56.611220438022968 54.552970444368853 49.952427676170849 46.412382313092628 42.132603705515479 38.994774157796904 33.08332352016189 27.334891995178907 25.223712791821988 20.199519006873278 18.774828082856089 18.117169154289105 18.223612388507547 20.384302380027272 28.051933585792348 35.259130674417712 44.064039350920595 58.825130556079742 77.956175417480097 106.7268607078625 140.94645518027542 181.25688118443244 210.44132935523447


