# Created by Octave 8.2.0, Wed Sep 27 20:45:50 2023 GMT <unknown@DESKTOP-3RFIKGR>
# name: rhoa_ruido2
# type: matrix
# rows: 1
# columns: 31
 947.2939937086436 952.55763374133414 974.27301877481136 866.07297496819228 953.09640388239256 999.95893396449935 963.81492323192026 1023.5403114819725 1042.8938243443524 950.4115995502051 988.17588347379444 1139.2855181685563 996.41804263958159 944.16627348403722 943.85622657123838 1056.3516884642536 978.28090032713146 1002.9016209089419 956.46018983200725 924.65183174726349 1039.5623724692105 1073.4190264259269 1035.2715955744336 995.63908313360866 1008.3125674000702 1069.9958817240945 959.89139179728897 1070.5897455120269 1084.2229092184039 1071.9833998384263 1002.5267841469711


