# Created by Octave 8.2.0, Thu Sep 28 00:50:21 2023 GMT <unknown@DESKTOP-3RFIKGR>
# name: rhoa_ruido2
# type: matrix
# rows: 1
# columns: 31
 849.01242686351429 920.44129242269798 1007.7686109134324 913.17336345211072 856.39220378262746 878.96774672579488 891.24119646134841 841.63608760140016 771.59538832268402 801.81326608090751 734.06514039464446 659.82921242016448 634.32407584502766 474.0377352439242 425.64096906711586 387.97924124689723 342.27411096640202 293.56782558446287 256.82584966005311 245.47523711175788 261.68601768010541 316.1070366631584 350.7677079442816 513.6271949890305 682.88098308582187 851.85128431040312 1013.3078043955643 1143.6014630859929 1102.025409592864 1133.6690262061052 1047.1122862216807


