# Created by Octave 8.2.0, Wed Aug 23 13:20:30 2023 GMT <unknown@DESKTOP-3RFIKGR>
# name: rhoa_ruido
# type: matrix
# rows: 1
# columns: 81
 2292.9705347188956 2330.7136031077316 2256.1410940947499 2161.8527734633094 2216.0636505045695 2077.1678639136717 2044.1517686580919 2029.0593024686616 1905.9148407028463 1927.9278586208566 1879.7128438874661 1801.0561158152684 1664.3232535668037 1588.9071273878069 1487.4070404572333 1473.0822146012081 1361.0268231798373 1297.2247888325849 1173.8585192918133 1058.5888857159346 1012.8530979297299 932.09975379847151 804.13092208592991 727.01495559556099 652.43081364763589 594.03751750002289 499.1876558355313 448.65688264065125 379.24568462051911 317.94840325441572 286.75501958143781 234.39495929066541 200.05071261834036 162.59725603466134 139.27790395834566 118.62840944228218 98.625372350507973 78.8676526876678 63.584410688186729 54.50909542314534 44.840765034507079 37.103335161690531 32.456338576120537 27.700157619748101 25.177267139692471 24.539402990131844 23.982788128424904 24.190937183852121 26.578986528885771 30.281115339138172 35.014288869432548 42.09293668711129 49.590176557380062 60.321663438873664 75.121816875656961 92.198555275673684 109.75930354512086 144.1099269051395 178.5711069113915 211.15028412367613 272.26460010391395 333.40687139789566 410.21890247010998 446.19304961736992 491.02449703831968 539.50805882571831 551.72161262449492 533.15787313615203 489.34879004225479 465.2488468772936 401.92622367681457 351.18971038130877 300.84072105160408 293.92366983092791 277.46498515509973 274.34741680413509 270.80801419400092 263.42468862675668 281.70720567894398 296.82863599913111 306.80205798306446


