# Created by Octave 8.2.0, Mon Oct 09 23:11:08 2023 GMT <unknown@DESKTOP-3RFIKGR>
# name: rms_error
# type: matrix
# rows: 1
# columns: 15
 285.00278265161563 168.94916844322444 85.606512605420832 41.875809332786631 23.472290404543049 21.587163592966412 19.944500152380382 19.087533292560629 18.635281844904817 18.363122999005977 18.180513743767424 18.048091720765967 17.946596714889871 17.865591485922739 17.798936928428514


